
========================================================
Statistic       N      Mean    St. Dev.  Min     Max    
--------------------------------------------------------
Ingreso       16,397 2,698,186 5,144,721  0  160,833,333
edad          16,397    40        13     19      94     
mujer         16,397     0         0      0       1     
educ          16,397    15         4      0      19     
experiencia   16,397    19        15      0      77     
cuentaPropia  16,397     0         0      0       1     
formal        16,397     1         0      0       1     
oficio        16,397    50        28      1      99     
jefeHogar     16,391     0         0      0       1     
Micro_empresa 16,397     1         0      0       1     
estrato1      16,397     3         1      1       6     
y_total_m     16,397 1,451,278 2,359,661  0  70,000,000 
y_otrosTotal  16,397 1,127,691 3,674,663  0  130,000,000
--------------------------------------------------------
